1870  -0.261  -0.159   0.336   0.148  -0.266  -0.329  -0.331  -0.212  -0.337  -0.253  -0.138  -0.144
1871  -0.094   0.013  -0.042   0.052   0.097   0.045  -0.124  -0.070   0.059  -0.147   0.053   0.000
1872   0.146   0.214   0.091   0.114   0.067   0.119   0.024  -0.021   0.051   0.106   0.155   0.107
1873   0.238  -0.136  -0.227  -0.073  -0.199  -0.370  -0.374  -0.499  -0.301  -0.111  -0.091  -0.078
1874  -0.198  -0.196  -0.413  -0.554  -0.219  -0.251  -0.028  -0.047  -0.417  -0.763  -0.338  -0.555
1875  -0.256  -0.000   0.078   0.237   0.082   0.114  -0.196   0.055  -0.001  -0.273  -0.626  -0.229
1876  -0.179  -0.324  -0.241  -0.276  -0.249  -0.216  -0.082   0.040   0.290   0.158  -0.091  -0.067
1877  -0.130   0.538   0.292  -0.096  -0.468  -0.287  -0.275   0.512   0.890   0.783   0.808   0.374
1878  -0.079  -0.221   0.143   0.110  -0.144  -0.103  -0.065   0.023   0.166  -0.297  -0.192  -0.236
1879  -0.235  -0.227  -0.280  -0.340  -0.290  -0.070  -0.047  -0.332  -0.210  -0.400  -0.489  -0.371
1880  -0.268  -0.073  -0.156   0.199   0.078  -0.092  -0.211  -0.279  -0.174  -0.369  -0.281  -0.113
1881   0.025  -0.319  -0.182  -0.259   0.077   0.378   0.184   0.222   0.075  -0.074  -0.098  -0.262
1882  -0.369  -0.482   0.017   0.053   0.141   0.134   0.082  -0.195  -0.261  -0.133  -0.103  -0.191
1883  -0.517  -0.024  -0.136   0.079   0.018   0.122   0.033   0.174  -0.124   0.018  -0.086  -0.093
1884  -0.217   0.005  -0.150   0.277   0.459   0.009   0.306  -0.008  -0.092   0.017  -0.206  -0.185
1885  -0.284   0.104  -0.006  -0.007   0.008   0.081   0.096   0.077   0.036   0.147  -0.208  -0.166
1886  -0.427  -0.578  -0.292  -0.078  -0.227  -0.144  -0.411  -0.609  -0.595  -0.508  -0.415  -0.324
1887  -0.275  -0.197  -0.106  -0.053  -0.063   0.045   0.086   0.289   0.096  -0.132  -0.017  -0.064
1888  -0.153  -0.421  -0.558  -0.650  -0.281  -0.215  -0.139  -0.066  -0.139  -0.059  -0.293  -0.224
1889  -0.486  -0.066  -0.491  -0.620  -0.443  -0.347  -0.198  -0.353  -0.528  -0.753  -0.592  -0.169
1890   0.092   0.126  -0.036  -0.013  -0.120  -0.551  -0.594  -0.387  -0.684  -0.776  -0.628  -0.339
1891  -0.125  -0.394  -0.447  -0.095  -0.113   0.108   0.013   0.292   0.309   0.261   0.134   0.288
1892  -0.056  -0.138  -0.033  -0.116  -0.061  -0.275  -0.332  -0.735  -0.785  -0.435  -0.177  -0.264
1893  -0.252  -0.273  -0.239  -0.378  -0.294  -0.306  -0.233  -0.446  -0.297  -0.405  -0.236  -0.132
1894   0.115  -0.072  -0.094  -0.114   0.007   0.118   0.138   0.425   0.055   0.043  -0.015  -0.022
1895  -0.002   0.126   0.054   0.019   0.066   0.093  -0.094   0.224   0.077   0.213  -0.227  -0.139
1896  -0.192  -0.390  -0.388  -0.085   0.009   0.060   0.213   0.161   0.364   0.662   0.293   0.314
1897  -0.010  -0.133  -0.117   0.022   0.039  -0.038   0.065   0.070  -0.176  -0.737  -0.629  -0.509
1898  -0.358  -0.256  -0.161  -0.172  -0.265  -0.214  -0.489  -0.508  -0.501  -0.534  -0.386  -0.238
1899  -0.223  -0.102  -0.001   0.068   0.128  -0.165  -0.250  -0.139  -0.534  -0.049  -0.171  -0.512
1900  -0.283  -0.113  -0.296  -0.121   0.058   0.167  -0.002  -0.183  -0.152  -0.052   0.068  -0.405
1901  -0.354  -0.679  -0.554  -0.317  -0.333  -0.401  -0.393  -0.526  -0.639  -0.392  -0.466  -0.440
1902  -0.272  -0.260  -0.067   0.254   0.168   0.118   0.240   0.629   0.584   0.135   0.213  -0.042
1903  -0.294  -0.382  -0.202  -0.424  -0.044  -0.122  -0.293  -0.143  -0.300  -0.652  -0.356  -0.203
1904  -0.030  -0.042  -0.047   0.174  -0.037  -0.070   0.037  -0.109  -0.292   0.139  -0.078  -0.407
1905  -0.406  -0.186  -0.305  -0.264   0.021  -0.236   0.047   0.078   0.403  -0.096  -0.176  -0.331
1906  -0.414  -0.300  -0.342  -0.582  -0.199  -0.171  -0.668  -0.772  -1.232  -0.624  -0.522  -0.112
1907  -0.178   0.004   0.122  -0.165  -0.084  -0.132  -0.284  -0.633  -0.140  -0.030  -0.117   0.009
1908  -0.206  -0.160  -0.088  -0.584  -0.014   0.251  -0.278  -0.159   0.060  -0.091  -0.229  -0.347
1909  -0.536  -0.303  -0.377  -0.239  -0.576  -0.698  -0.707  -0.685  -0.531  -0.345  -0.145  -0.016
1910  -0.363   0.014  -0.324  -0.186  -0.308  -0.244  -0.713  -0.511  -0.632  -0.661  -0.406  -0.058
1911   0.005  -0.306  -0.562  -0.539  -0.214  -0.600  -0.451  -0.289  -0.157  -0.283   0.031   0.076
1912  -0.077  -0.115   0.106  -0.062   0.151   0.210  -0.352  -0.465  -0.340  -0.222  -0.463  -0.265
1913  -0.051   0.051   0.026  -0.071   0.028   0.310  -0.029  -0.184  -0.085   0.241   0.021  -0.023
1914  -0.101   0.010  -0.184  -0.039   0.113   0.754   0.397   0.263   0.316   0.314  -0.297  -0.480
1915  -0.443  -0.505  -0.233  -0.087  -0.275   0.016  -0.388  -0.136   0.008   0.063   0.040   0.207
1916   0.056   0.155   0.231   0.333   0.063  -0.186  -0.367  -0.542  -0.867  -0.578  -0.441  -0.049
1917   0.158   0.133   0.083  -0.036  -0.181  -0.126  -0.273  -0.127  -0.477  -0.678  -0.617  -0.434
1918   0.198   0.322   0.275  -0.090  -0.200   0.014   0.184   0.222   0.376   0.525   0.462   0.285
1919   0.153   0.061  -0.109  -0.215  -0.180  -0.147   0.131  -0.018   0.152   0.030   0.003  -0.174
1920   0.195   0.233   0.303   0.253   0.483   0.148  -0.271  -0.292  -0.224  -0.072  -0.310  -0.159
1921  -0.109   0.032   0.090   0.006   0.171  -0.007  -0.124  -0.635  -0.160  -0.094  -0.211  -0.155
1922  -0.194  -0.019   0.243  -0.193  -0.157   0.130  -0.234  -0.115  -0.133  -0.155  -0.276  -0.074
1923  -0.020  -0.223  -0.115  -0.048  -0.096   0.108  -0.092   0.288   0.617   0.636   0.700   0.020
1924  -0.255  -0.413  -0.258  -0.067  -0.189  -0.224  -0.084  -0.130  -0.271   0.174  -0.131  -0.135
1925  -0.131   0.153   0.159   0.673   0.170   0.291   0.131   0.256   0.752   0.466   0.371   0.077
1926   0.178  -0.178   0.125  -0.055   0.134   0.348   0.073   0.281  -0.021   0.252  -0.228  -0.188
1927  -0.018   0.221  -0.031  -0.203  -0.034   0.045  -0.262  -0.311  -0.275  -0.226  -0.018  -0.146
1928  -0.188  -0.177  -0.115  -0.112  -0.057  -0.258  -0.332  -0.583  -0.492  -0.343   0.067  -0.138
1929  -0.095  -0.172  -0.069  -0.023  -0.143  -0.039  -0.086  -0.191   0.070   0.017  -0.016   0.201
1930  -0.239  -0.332  -0.148  -0.054  -0.231   0.060  -0.099  -0.041  -0.422  -0.048   0.371   0.114
1931   0.129  -0.147  -0.383  -0.326  -0.039  -0.075  -0.096  -0.204  -0.620  -0.216   0.078  -0.575
1932  -0.240  -0.391  -0.256   0.073  -0.153  -0.174   0.069  -0.188  -0.027  -0.349  -0.049   0.195
1933  -0.007   0.094   0.202   0.371  -0.128  -0.098  -0.148  -0.320  -1.166  -0.605  -0.337  -0.236
1934  -0.416  -0.075  -0.005   0.063   0.012   0.186  -0.005   0.281  -0.114   0.052   0.113   0.068
1935   0.182   0.138   0.281  -0.032   0.272   0.290   0.354   0.269   0.126   0.061   0.368   0.239
1936   0.256  -0.207  -0.052   0.125   0.021   0.265   0.248  -0.138  -0.063  -0.313   0.204  -0.095
1937   0.069  -0.052  -0.104  -0.221   0.255  -0.099  -0.241   0.036   0.297   0.063   0.141   0.088
1938   0.104  -0.046   0.165  -0.157   0.230  -0.192  -0.308   0.148  -0.073  -0.230  -0.440  -0.308
1939   0.060   0.387   0.182  -0.074  -0.119   0.032  -0.090  -0.160   0.092   0.178  -0.055   0.125
1940   0.267  -0.038  -0.303  -0.289  -0.244   0.175  -0.061   0.043  -0.004  -0.092  -0.081  -0.090
1941  -0.183  -0.438  -0.095  -0.081  -0.053  -0.166  -0.117  -0.124   0.049   0.178   0.527   0.041
1942  -0.006  -0.111  -0.079  -0.215  -0.383  -0.727  -0.382  -0.793  -0.555  -0.208  -0.330  -0.320
1943  -0.294  -0.057  -0.127  -0.019   0.033   0.363   0.409   0.333  -0.262  -0.156  -0.121  -0.157
1944   0.032   0.422  -0.012  -0.041   0.497   0.093   0.363   0.343   0.382  -0.220   0.015   0.400
1945   0.051   0.274   0.372  -0.122  -0.346  -0.350  -0.211  -0.352  -0.208  -0.138  -0.063  -0.101
1946   0.253   0.171  -0.055  -0.354   0.505  -0.111   0.154   0.455   0.317   0.206   0.242  -0.016
1947  -0.105   0.216   0.170   0.014   0.319   0.148  -0.310  -0.351  -0.573  -0.432  -0.042  -0.030
1948  -0.111   0.029   0.193   0.097   0.133   0.263   0.051  -0.149  -0.260   0.086  -0.110  -0.277
1949   0.209   0.356   0.051   0.362   0.128   0.203   0.297   0.308   0.291   0.249  -0.120  -0.097
1950   0.144  -0.363  -0.521  -0.273  -0.092  -0.287  -0.037   0.078  -0.243  -0.210   0.047   0.202
1951   0.446   0.398   0.423  -0.309   0.073   0.027   0.093   0.417   0.376   0.203   0.382   0.153
1952   0.116   0.262   0.287   0.268   0.069   0.226  -0.114  -0.159  -0.214  -0.164   0.103   0.205
1953   0.491   0.463   0.350   0.145   0.528   0.089   0.128   0.063   0.144   0.066   0.127   0.110
1954  -0.158  -0.089   0.010   0.181  -0.333  -0.297  -0.535  -0.327  -0.331  -0.454  -0.178   0.175
1955   0.133   0.036   0.188   0.159  -0.470  -0.173  -0.126  -0.126  -0.349  -0.344   0.003  -0.064
1956   0.088   0.165   0.171  -0.097  -0.348  -0.606  -0.763  -0.466  -0.407  -0.286  -0.240   0.082
1957  -0.250  -0.374  -0.028  -0.101  -0.108  -0.252  -0.172   0.041   0.005  -0.146  -0.218  -0.026
1958  -0.218  -0.057  -0.207  -0.145  -0.277  -0.639  -0.749  -0.959  -0.911  -0.584  -0.402  -0.406
1959   0.159  -0.346  -0.351  -0.159  -0.518  -0.534  -0.349  -0.607  -0.449  -0.212  -0.311  -0.125
1960  -0.045   0.148  -0.256  -0.537  -0.514  -0.468  -0.421  -0.285  -0.192  -0.524  -0.538  -0.400
1961   0.046   0.110   0.048  -0.403  -0.219   0.206   0.935   1.068   0.927   0.819   0.577   0.528
1962   0.692   0.724   0.520   0.180  -0.162  -0.249  -0.150   0.001   0.199   0.051   0.060   0.165
1963   0.514   0.579   0.371   0.139  -0.110  -0.043   0.520   0.764   0.459   0.797   0.576   0.165
1964  -0.277  -0.506  -0.145  -0.032  -0.306  -0.135  -0.511  -0.378  -0.588  -0.645  -0.013   0.055
1965  -0.145  -0.266  -0.018  -0.088  -0.321  -0.273  -0.161   0.050   0.184   0.384   0.032  -0.065
1966  -0.050   0.019  -0.178  -0.237  -0.209   0.089   0.305   0.419   0.483   0.070  -0.097  -0.011
1967  -0.047   0.117   0.415  -0.075   0.040   0.241   0.435   0.407   0.514   0.519   0.277   0.275
1968   0.389   0.511   0.320   0.259   0.084   0.283  -0.214  -0.161  -0.347  -0.155  -0.185   0.014
1969   0.023   0.019   0.230   0.150   0.055  -0.409  -0.093  -0.054   0.130   0.170   0.253   0.139
1970   0.482   0.505   0.231   0.412   0.391  -0.182  -0.262  -0.059  -0.218  -0.263  -0.039  -0.006
1971   0.378   0.191   0.372   0.441   0.145  -0.025  -0.041  -0.243  -0.357  -0.250   0.281   0.443
1972   0.330  -0.035   0.194   0.320   0.366   0.939   1.012   0.807   0.742   0.690   0.920   0.694
1973   0.223   0.105   0.161   0.081   0.297  -0.018  -0.184  -0.302  -0.381  -0.055   0.121   0.287
1974   0.468   0.341   0.418   0.144  -0.026   0.180   0.063  -0.201  -0.272  -0.459  -0.274  -0.124
1975  -0.177  -0.067  -0.290   0.284   0.281   0.261   0.264  -0.052  -0.469  -0.671  -0.065   0.059
1976   0.195   0.260   0.184   0.318   0.210   0.570   0.882   0.391   0.161   0.137   0.080   0.256
1977   0.180  -0.076   0.338   0.170  -0.130   0.105   0.131   0.023   0.114   0.602   0.121   0.193
1978  -0.451  -0.350  -0.418  -0.024  -0.327   0.020   0.194   0.082   0.126  -0.122  -0.188  -0.029
1979   0.494   0.025   0.130  -0.015  -0.234   0.304  -0.010   0.063   0.103   0.063   0.015   0.126
1980   0.025  -0.021  -0.251   0.103   0.148  -0.171  -0.339  -0.513  -0.350  -0.282  -0.162  -0.264
1981  -0.020   0.148   0.186   0.280   0.189  -0.032  -0.247  -0.323  -0.363  -0.228  -0.063   0.211
1982   0.327   0.350   0.218   0.312   0.434   0.460   0.574   0.547   0.820   0.990   0.541   0.064
1983  -0.297  -0.405  -0.582  -0.353   0.157   0.579   0.832   0.642   0.314   0.089  -0.070   0.131
1984  -0.038   0.033   0.049   0.252  -0.083  -0.143  -0.049  -0.194  -0.216  -0.272  -0.148  -0.046
1985  -0.278  -0.446  -0.370  -0.007  -0.010  -0.416  -0.090  -0.158   0.144  -0.124   0.338  -0.191
1986   0.073   0.044  -0.034  -0.089   0.058  -0.073  -0.242  -0.111   0.229   0.318   0.015  -0.052
1987   0.097   0.222   0.024   0.040   0.381   0.312   0.508   0.585   0.766   0.620   0.210   0.377
1988   0.532   0.029  -0.146   0.070  -0.293  -0.057   0.163   0.008  -0.015  -0.142   0.089   0.391
1989  -0.090   0.140  -0.149  -0.279  -0.375  -0.566  -0.130  -0.014   0.162  -0.035  -0.076   0.058
1990   0.076  -0.110   0.023  -0.190  -0.135  -0.361   0.057  -0.094   0.198   0.029   0.168   0.229
1991   0.240   0.074   0.122   0.475   0.586   0.461   0.566   0.343   0.471   0.329   0.293   0.294
1992  -0.146  -0.215  -0.511  -0.359  -0.334  -0.650  -0.168  -0.471  -0.450  -0.254  -0.135  -0.090
1993  -0.020   0.209  -0.136   0.008   0.186   0.098   0.149  -0.016   0.206   0.211   0.107   0.016
1994   0.203   0.035   0.357   0.532   0.746   0.629   0.850   1.090   0.903   1.063   0.546   0.488
1995   0.316   0.334   0.112  -0.024  -0.038   0.129   0.138   0.154   0.204   0.011  -0.027   0.317
1996   0.160   0.152   0.087  -0.167  -0.049  -0.185  -0.333  -0.381  -0.327  -0.729  -0.528  -0.187
1997   0.079   0.254   0.205   0.245   0.241   0.291   0.755   0.927   1.143   1.240   1.528   1.085
1998   0.696   0.602   0.117   0.248   0.356   0.359  -0.064  -0.266  -0.100  -0.356  -0.380  -0.103
1999   0.062   0.152   0.276   0.194   0.032   0.070   0.416   0.314   0.331   0.183   0.152   0.082
2000   0.062   0.174   0.310   0.344   0.330   0.189   0.390   0.433   0.293   0.227  -0.041  -0.017
2001  -0.245   0.163   0.150   0.333   0.350   0.334   0.170  -0.001   0.156  -0.075   0.021   0.171
2002   0.040   0.087   0.173  -0.157  -0.115   0.019   0.049   0.084   0.664   0.768   0.353   0.065
2003  -0.063   0.199   0.120   0.094   0.051   0.344   0.436   0.400   0.320   0.130   0.100   0.407
2004   0.225   0.293   0.248   0.116  -0.347  -0.182   0.007   0.159   0.273   0.365   0.099   0.091
2005   0.055  -0.376  -0.268   0.277   0.181   0.029  -0.073  -0.048  -0.152  -0.061  -0.009  -0.068
2006   0.056  -0.120  -0.060   0.181   0.003   0.145   0.344   0.520   0.800   0.938   0.754   0.392
2007   0.402   0.331   0.275   0.291   0.483   0.239   0.358   0.533   0.616   0.444   0.241   0.004
2008   0.303   0.112   0.269   0.041   0.395   0.421   0.551   0.417   0.467   0.403   0.139   0.174
2009   0.218   0.348   0.264   0.318   0.468   0.303   0.113   0.194   0.272   0.355   0.183   0.382
2010   0.473   0.209   0.628   0.559   0.181   0.063   0.306   0.241   0.117  -0.063  -0.221   0.021
2011   0.373   0.418   0.537   0.351   0.124   0.259   0.530   0.643   0.579   0.728   0.592   0.097
2012   0.227   0.100   0.195  -0.065  -0.124   0.215   0.853   0.941   0.833   0.483   0.160   0.488
2013   0.118   0.372   0.246  -0.103  -0.293  -0.294   0.120   0.098   0.076   0.213   0.453   0.368
2014   0.089   0.092   0.014   0.136   0.119   0.180  -0.052  -0.077   0.237   0.496   0.267   0.266
2015   0.077  -0.165  -0.076   0.186   0.451   0.495   0.527   0.856   0.668   0.851   0.594   0.490
2016   0.438   0.066   0.161   0.341   0.104  -0.229  -0.435  -0.145  -0.055   0.010  -0.098  -0.075
2017   0.099   0.283   0.528   0.703   0.751   0.633   0.826   0.643   0.414   0.389   0.545   0.342
